4995 5 0
4995 5 0
4995 5 0
4995 5 0
4995 5 0
4995 5 0
4995 5 0
4995 5 0
4995 5 0
4995 5 0
4994 6 0
4994 6 0
4994 6 0
4994 6 0
4994 6 0
4994 6 0
4994 6 0
4994 6 0
4994 6 0
4994 6 0
4994 6 0
4994 6 0
4994 6 0
4994 6 0
4994 6 0
4994 6 0
4994 6 0
4994 6 0
4994 6 0
4994 6 0
4994 6 0
4994 6 0
4994 6 0
4994 6 0
4994 6 0
4994 6 0
4993 7 0
4993 7 0
4993 7 0
4993 7 0
4993 7 0
4993 7 0
4993 7 0
4993 7 0
4993 7 0
4993 7 0
4993 7 0
4993 7 0
4993 7 0
4993 7 0
4993 7 0
4993 7 0
4993 7 0
4993 7 0
4993 7 0
4992 8 0
4991 9 0
4991 9 0
4991 9 0
4991 9 0
4990 10 0
4990 10 0
4990 10 0
4990 10 0
4990 10 0
4990 10 0
4990 10 0
4990 10 0
4990 10 0
4990 10 0
4990 10 0
4990 10 0
4990 10 0
4990 10 0
4990 10 0
4990 10 0
4990 10 0
4990 10 0
4990 10 0
4990 10 0
4990 10 0
4990 10 0
4990 10 0
4990 10 0
4990 10 0
4990 10 0
4990 10 0
4990 10 0
4990 10 0
4990 10 0
4990 10 0
4990 10 0
4990 10 0
4990 10 0
4990 10 0
4990 10 0
4990 10 0
4990 10 0
4990 10 0
4990 10 0
4990 10 0
4990 10 0
4990 10 0
4989 11 0
4989 11 0
4989 11 0
4989 11 0
4989 11 0
4989 11 0
4989 11 0
4989 11 0
4989 11 0
4989 11 0
4989 11 0
4989 11 0
4988 12 0
4988 12 0
4988 12 0
4988 12 0
4988 12 0
4988 12 0
4988 12 0
4987 13 0
4987 13 0
4986 14 0
4986 14 0
4986 14 0
4986 14 0
4986 14 0
4986 14 0
4986 14 0
4986 14 0
4986 14 0
4985 15 0
4985 15 0
4985 15 0
4984 16 0
4984 16 0
4984 16 0
4984 16 0
4984 16 0
4983 17 0
4983 17 0
4983 17 0
4983 17 0
4983 17 0
4983 17 0
4983 17 0
4983 17 0
4983 17 0
4983 17 0
4983 17 0
4983 17 0
4983 17 0
4983 17 0
4982 18 0
4982 18 0
4982 18 0
4982 18 0
4982 18 0
4982 18 0
4981 19 0
4981 19 0
4981 19 0
4980 20 0
4980 20 0
4980 20 0
4979 21 0
4979 21 0
4979 21 0
4979 21 0
4979 21 0
4979 21 0
4979 21 0
4979 21 0
4978 22 0
4978 22 0
4978 22 0
4978 22 0
4978 22 0
4978 22 0
4977 23 0
4976 24 0
4976 24 0
4975 25 0
4975 25 0
4975 25 0
4975 25 0
4975 25 0
4975 25 0
4975 25 0
4974 26 0
4974 26 0
4974 26 0
4974 26 0
4974 26 0
4974 26 0
4973 27 0
4972 28 0
4971 29 0
4971 29 0
4971 29 0
4971 29 0
4970 30 0
4970 30 0
4970 30 0
4969 31 0
4969 31 0
4968 32 0
4968 32 0
4968 32 0
4968 32 0
4968 32 0
4966 34 0
4966 34 0
4966 34 0
4965 35 0
4965 35 0
4965 35 0
4965 35 0
4965 35 0
4965 35 0
4964 36 0
4964 36 0
4963 37 0
4963 37 0
4962 38 0
4962 38 0
4961 39 0
4961 39 0
4961 39 0
4961 39 0
4961 39 0
4960 40 0
4960 40 0
4959 41 0
4959 41 0
4959 41 0
4958 42 0
4957 43 0
4957 43 0
4957 43 0
4957 43 0
4956 44 0
4956 44 0
4956 44 0
4956 44 0
4956 44 0
4956 44 0
4956 44 0
4956 44 0
4955 45 0
4955 45 0
4955 45 0
4955 45 0
4955 45 0
4954 46 0
4954 46 0
4954 46 0
4953 47 0
4952 48 0
4951 49 0
4951 49 0
4951 49 0
4951 49 0
4951 49 0
4947 53 0
4947 53 0
4947 53 0
4947 53 0
4947 53 0
4946 54 0
4945 55 0
4945 55 0
4945 55 0
4945 55 0
4945 55 0
4945 55 0
4945 55 0
4945 55 0
4944 56 0
4944 56 0
4944 56 0
4944 56 0
4944 56 0
4944 56 0
4943 57 0
4943 57 0
4943 57 0
4943 57 0
4943 57 0
4942 58 0
4941 59 0
4938 62 0
4937 63 0
4937 63 0
4937 63 0
4937 63 0
4937 63 0
4936 64 0
4936 64 0
4935 65 0
4933 67 0
4933 67 0
4932 68 0
4932 68 0
4931 69 0
4930 70 0
4929 71 0
4929 71 0
4929 71 0
4927 73 0
4926 74 0
4925 75 0
4925 75 0
4925 75 0
4924 76 0
4923 77 0
4923 77 0
4923 77 0
4922 78 0
4921 79 0
4921 79 0
4920 80 0
4919 81 0
4918 82 0
4917 83 0
4915 85 0
4914 86 0
4912 88 0
4911 89 0
4911 89 0
4910 90 0
4910 90 0
4910 90 0
4908 92 0
4908 92 0
4907 93 0
4907 93 0
4907 93 0
4906 94 0
4904 96 0
4903 97 0
4902 98 0
4902 98 0
4902 98 0
4902 98 0
4902 98 0
4900 100 0
4900 100 0
4898 102 0
4898 102 0
4898 102 0
4897 103 0
4897 103 0
4897 103 0
4897 103 0
4896 104 0
4896 104 0
4896 104 0
4895 105 0
4895 105 0
4895 105 0
4894 106 0
4893 107 0
4893 107 0
4892 108 0
4892 108 0
4892 108 0
4892 108 0
4892 108 0
4892 108 0
4890 110 0
4890 110 0
4889 111 0
4889 111 0
4889 111 0
4889 111 0
4889 111 0
4889 111 0
4889 111 0
4889 111 0
4888 112 0
4888 112 0
4888 112 0
4888 112 0
4884 116 0
4884 116 0
4883 117 0
4883 117 0
4883 117 0
4883 117 0
4883 117 0
4883 117 0
